firstname;lastname;personal_number;email
Vaughan;Stafford;16090828-0361;Nunc@ipsum.net
Alan;;16780929-3934;velit.Cras@Proin.ca
Gannon;Mullins;16811223-3435;hendrerit.consectetuer@eratvolutpatNulla.org
Abdul;Burgess;16740820-9554;malesuada.malesuada.Integer@tellusSuspendisse.net